FiniteElementSpace
FiniteElementCollection: H1_2D_P2
VDim: 1
Ordering: 0

1.1730865
1.1638191
1.1638629
1.1547422
1.1639408
1.1548431
1.1639408
1.1549206
1.1638629
1.154843
1.1547422
1.1690601
1.1586543
1.1586621
1.1690902
1.1587418
1.158756
1.1691422
1.1588166
1.1588166
1.1691422
1.158756
1.1587418
1.1690901
1.1586621
1.1586543
1.1638448
1.1639191
1.1639723
1.1639191
1.1638448
1.1719525
1.1670983
1.1671116
1.1719688
1.1671523
1.1671759
1.1719962
1.1672046
1.1672046
1.1719962
1.1671759
1.1671523
1.1719688
1.1671116
1.1670983
1.1657135
1.1619445
1.1605952
1.1558309
1.1558323
1.1606025
1.1619652
1.1657533
1.1620145
1.1606772
1.1559286
1.1559312
1.1606906
1.1620519
1.1658234
1.1620891
1.1607464
1.1560049
1.1560049
1.1607464
1.1620891
1.1658234
1.1620519
1.1606906
1.1559312
1.1559286
1.1606772
1.1620145
1.1657532
1.1619652
1.1606025
1.1558323
1.1558309
1.1605952
1.1619445
1.1702674
1.1703094
1.1703374
1.1703094
1.1702674
1.1638295
1.1574838
1.1638507
1.1638925
1.157578
1.1639305
1.1639614
1.157649
1.1639614
1.1639305
1.1575779
1.1638925
1.1638507
1.1574838
1.1638295
1.1727897
1.1713532
1.1713612
1.172798
1.1706618
1.1682981
1.1687938
1.1655623
1.1655683
1.168801
1.1683196
1.1706854
1.1713827
1.1713962
1.1728119
1.1683404
1.1688423
1.1656271
1.1656379
1.1688548
1.168378
1.1707257
1.1714104
1.1714104
1.1728119
1.1683926
1.1688831
1.1656797
1.1656797
1.1688831
1.1683926
1.1707257
1.1713962
1.1713827
1.172798
1.168378
1.1688548
1.1656379
1.1656271
1.1688423
1.1683404
1.1706854
1.1713612
1.1713532
1.1683196
1.168801
1.1655683
1.1655623
1.1687938
1.1682981
1.1673366
1.1650065
1.1653746
1.1644362
1.1632069
1.1626484
1.160346
1.1594052
1.1622974
1.1621258
1.1589272
1.1589301
1.1621303
1.1570879
1.1564167
1.1550212
1.1550215
1.156418
1.1570917
1.1594136
1.1653927
1.1650366
1.1673721
1.1623109
1.1603594
1.1626705
1.163237
1.1644788
1.1650581
1.1654335
1.1632655
1.162715
1.1604257
1.1594902
1.1623707
1.1622043
1.1590163
1.1590215
1.1622125
1.1571814
1.156513
1.1551214
1.1551218
1.1565155
1.1571884
1.1595056
1.1654657
1.1651116
1.1674342
1.1623951
1.1604499
1.1627548
1.1633195
1.1645544
1.1651274
1.1654953
1.1633409
1.1627882
1.1605001
1.1595636
1.1624395
1.1622667
1.1590862
1.1590862
1.1622667
1.1572569
1.1565879
1.1551985
1.1551985
1.1565879
1.1572569
1.1595636
1.1654953
1.1651274
1.1674342
1.1624395
1.1605001
1.1627882
1.1633409
1.1645544
1.1651116
1.1654657
1.1633195
1.1627548
1.1604499
1.1595056
1.1623951
1.1622125
1.1590215
1.1590162
1.1622043
1.1571884
1.1565155
1.1551218
1.1551213
1.156513
1.1571814
1.1594902
1.1654335
1.165058
1.1673721
1.1623707
1.1604256
1.162715
1.1632654
1.1644788
1.1650366
1.1653927
1.163237
1.1626705
1.1603594
1.1594136
1.1623109
1.1621303
1.1589301
1.1589272
1.1621258
1.1570917
1.156418
1.1550215
1.1550212
1.1564167
1.1570878
1.1594052
1.1653746
1.1650065
1.1622974
1.160346
1.1626484
1.1632069
1.1723339
1.1699566
1.1672792
1.1699718
1.1723559
1.1699929
1.1673388
1.1700191
1.1723699
1.1700334
1.16738
1.1700334
1.1723558
1.1700191
1.1673388
1.1699929
1.1723339
1.1699717
1.1672791
1.1699566
1.1665742
1.1638221
1.1611008
1.163838
1.1604282
1.1577799
1.155465
1.157784
1.1666007
1.1638487
1.1611152
1.1638538
1.1666216
1.1638772
1.1611775
1.1639074
1.160514
1.1578715
1.1555642
1.157879
1.1666685
1.1639265
1.1612036
1.1639338
1.1666835
1.1639513
1.1612506
1.1639693
1.1605773
1.1579455
1.1556401
1.1579455
1.1666835
1.1639693
1.1612506
1.1639513
1.1666685
1.1639338
1.1612036
1.1639265
1.160514
1.157879
1.1555642
1.1578714
1.1666216
1.1639074
1.1611775
1.1638772
1.1666007
1.1638538
1.1611152
1.1638487
1.1604281
1.157784
1.155465
1.1577798
1.1665742
1.163838
1.1611008
1.1638221
1.1730088
1.1726304
1.1726346
1.173013
1.1724345
1.1717181
1.1719032
1.1708658
1.1708697
1.1719073
1.1717302
1.172447
1.1713561
1.1703707
1.1706984
1.169889
1.1687378
1.1691486
1.167748
1.1679623
1.1694271
1.1695693
1.1680718
1.1680752
1.169573
1.1663637
1.1664338
1.1647151
1.1647179
1.166437
1.1663732
1.1679727
1.1707101
1.1703901
1.1713762
1.1694382
1.1677653
1.1691671
1.1687635
1.1699159
1.1726456
1.1726525
1.1730199
1.171741
1.171929
1.1709017
1.1709083
1.1719358
1.1717615
1.1724676
1.1704007
1.1707314
1.168774
1.169188
1.1677963
1.1680136
1.1694696
1.1696146
1.168126
1.1681321
1.1696211
1.1664233
1.1664962
1.1647848
1.1647899
1.1665018
1.1664402
1.1680319
1.1707514
1.170434
1.1714102
1.1694889
1.1678267
1.1692201
1.1688188
1.1699622
1.1726595
1.1726595
1.1730199
1.1717686
1.1719499
1.1709295
1.1709295
1.1719499
1.1717686
1.1724676
1.1704412
1.1707657
1.1688261
1.1692346
1.1678485
1.1680604
1.1695103
1.1696492
1.1681669
1.1681669
1.1696492
1.1664756
1.1665433
1.1648376
1.1648376
1.1665433
1.1664756
1.1680604
1.1707657
1.1704411
1.1714102
1.1695103
1.1678485
1.1692346
1.1688261
1.1699622
1.1726525
1.1726456
1.173013
1.1717615
1.1719358
1.1709083
1.1709017
1.171929
1.171741
1.172447
1.170434
1.1707514
1.1688188
1.1692201
1.1678267
1.1680319
1.1694889
1.1696211
1.168132
1.1681259
1.1696146
1.1664402
1.1665018
1.1647899
1.1647848
1.1664962
1.1664233
1.1680136
1.1707314
1.1704007
1.1713762
1.1694696
1.1677963
1.169188
1.168774
1.1699159
1.1726346
1.1726304
1.1717302
1.1719073
1.1708697
1.1708658
1.1719032
1.1717181
1.1703901
1.1707101
1.1687635
1.1691671
1.1677653
1.1679727
1.1694382
1.169573
1.1680752
1.1680717
1.1695693
1.1663732
1.166437
1.1647179
1.1647151
1.1664338
1.1663637
1.1679623
1.1706984
1.1703707
1.1694271
1.167748
1.1691486
1.1687378
1.1682003
1.1670133
1.1674309
1.1664977
1.1654216
1.1657565
1.1644719
1.1645672
1.1660245
1.166227
1.1650153
1.1642053
1.1643527
1.1640154
1.163624
1.1634372
1.162634
1.162234
1.1632957
1.163184
1.1619073
1.1616483
1.1630973
1.1611715
1.1606651
1.1594975
1.1589712
1.1602575
1.15995
1.1614548
1.1646395
1.1646889
1.1630336
1.1613264
1.1629923
1.1629729
1.1612631
1.1612652
1.1629753
1.1597444
1.159642
1.1581668
1.158168
1.1596436
1.1597493
1.1613325
1.1585709
1.1583017
1.157843
1.1573728
1.1564109
1.1560594
1.157055
1.1568951
1.155882
1.1558826
1.156896
1.1553636
1.1551756
1.1548124
1.1548124
1.1551759
1.1553643
1.156061
1.1583054
1.158577
1.1599581
1.1570576
1.1564133
1.157377
1.1578486
1.1589795
1.167455
1.1670443
1.1682332
1.1662429
1.1660467
1.164587
1.1644974
1.165785
1.1654565
1.1665354
1.1646974
1.1646537
1.1629996
1.161465
1.1630459
1.1631144
1.1616625
1.1619254
1.1632059
1.1602687
1.1595079
1.1606792
1.1611883
1.1622557
1.1643839
1.1642424
1.1650566
1.1633223
1.1626592
1.1634686
1.16366
1.1640588
1.1670548
1.1674758
1.1654673
1.1658061
1.1645293
1.1646282
1.1660778
1.1662836
1.1642541
1.164406
1.163676
1.163494
1.1626985
1.1623024
1.1633567
1.1632489
1.1619792
1.1617233
1.1631656
1.1612466
1.1607433
1.1595813
1.1590575
1.1603386
1.1600336
1.1615326
1.1647037
1.164756
1.163105
1.1614067
1.1630664
1.1630493
1.1613455
1.1613492
1.1630538
1.1598301
1.1597295
1.1582586
1.1582609
1.1597325
1.1598391
1.1614179
1.1586595
1.1583921
1.1579337
1.1574655
1.1565067
1.1561566
1.1571492
1.1569905
1.15598
1.155981
1.1569921
1.1554628
1.1552754
1.1549131
1.1549132
1.1552759
1.155464
1.1561594
1.1583988
1.1586706
1.1600484
1.1571539
1.1565112
1.1574731
1.157944
1.1590727
1.1675184
1.1671093
1.1682905
1.1663118
1.1661172
1.1646637
1.1645749
1.1658567
1.1655292
1.1666019
1.1647713
1.1647292
1.1630797
1.1615512
1.1631271
1.1631964
1.161749
1.1620118
1.1632883
1.1603589
1.1596002
1.1607689
1.161277
1.1623415
1.1644617
1.1643202
1.1651299
1.1634045
1.1627438
1.1635502
1.1637403
1.1641361
1.1671168
1.1675331
1.165537
1.165872
1.1645984
1.1646938
1.1661396
1.1663409
1.1643289
1.1644782
1.1637523
1.1635692
1.1627734
1.1623767
1.1634303
1.1633203
1.1620522
1.1617946
1.1632344
1.161321
1.1608174
1.1596559
1.1591319
1.1604117
1.1601052
1.1616016
1.1647655
1.1648135
1.1631707
1.1614728
1.1631285
1.1631074
1.1614083
1.1614083
1.1631074
1.1598996
1.1597965
1.1583291
1.1583291
1.1597965
1.1598996
1.1614728
1.1587331
1.1584643
1.1580088
1.1575405
1.1565826
1.1562324
1.1572236
1.1570638
1.1560554
1.1560554
1.1570638
1.1555395
1.1553522
1.1549905
1.1549905
1.1553522
1.1555395
1.1562324
1.1584643
1.1587331
1.1601052
1.1572236
1.1565826
1.1575405
1.1580088
1.1591319
1.1675331
1.1671168
1.1682905
1.1663409
1.1661396
1.1646938
1.1645984
1.165872
1.165537
1.1666019
1.1648135
1.1647655
1.1631285
1.1616016
1.1631707
1.1632344
1.1617946
1.1620522
1.1633203
1.1604117
1.1596559
1.1608174
1.1613211
1.1623767
1.1644782
1.1643289
1.1651299
1.1634303
1.1627734
1.1635692
1.1637523
1.1641361
1.1671093
1.1675183
1.1655291
1.1658567
1.1645749
1.1646637
1.1661172
1.1663118
1.1643202
1.1644617
1.1637403
1.1635501
1.1627438
1.1623415
1.1634045
1.1632883
1.1620118
1.161749
1.1631964
1.161277
1.1607689
1.1596002
1.1590726
1.1603589
1.1600484
1.1615511
1.1647291
1.1647713
1.1631271
1.1614179
1.1630797
1.1630538
1.1613492
1.1613455
1.1630493
1.1598391
1.1597325
1.1582609
1.1582586
1.1597295
1.1598301
1.1614067
1.1586705
1.1583988
1.157944
1.1574731
1.1565112
1.1561594
1.1571539
1.156992
1.155981
1.15598
1.1569905
1.155464
1.1552758
1.1549131
1.154913
1.1552754
1.1554627
1.1561565
1.158392
1.1586594
1.1600336
1.1571492
1.1565067
1.1574655
1.1579337
1.1590575
1.1674758
1.1670548
1.1682332
1.1662836
1.1660777
1.1646282
1.1645293
1.1658061
1.1654673
1.1665354
1.164756
1.1647037
1.1630664
1.1615326
1.163105
1.1631656
1.1617233
1.1619792
1.1632488
1.1603385
1.1595813
1.1607433
1.1612466
1.1623024
1.164406
1.1642541
1.1650566
1.1633567
1.1626985
1.163494
1.163676
1.1640588
1.1670443
1.167455
1.1654565
1.165785
1.1644974
1.164587
1.1660467
1.1662429
1.1642424
1.1643838
1.16366
1.1634686
1.1626591
1.1622557
1.1633223
1.1632059
1.1619253
1.1616624
1.1631144
1.1611883
1.1606792
1.1595079
1.1589794
1.1602686
1.1599581
1.161465
1.1646537
1.1646974
1.1630459
1.1613325
1.1629996
1.1629753
1.1612652
1.1612631
1.1629728
1.1597493
1.1596436
1.158168
1.1581668
1.159642
1.1597444
1.1613264
1.158577
1.1583053
1.1578485
1.157377
1.1564133
1.156061
1.1570576
1.156896
1.1558825
1.155882
1.1568951
1.1553643
1.1551759
1.1548124
1.1548124
1.1551756
1.1553636
1.1560594
1.1583017
1.1585709
1.15995
1.157055
1.1564108
1.1573728
1.1578429
1.1589711
1.1674309
1.1670133
1.166227
1.1660245
1.1645672
1.1644719
1.1657565
1.1654216
1.1646888
1.1646395
1.1629922
1.1614548
1.1630336
1.1630973
1.1616483
1.1619073
1.163184
1.1602574
1.1594975
1.1606651
1.1611715
1.162234
1.1643526
1.1642053
1.1632957
1.162634
1.1634372
1.163624
1.1728916
1.1722359
1.1714441
1.1722441
1.1710906
1.1695787
1.1686061
1.1701874
1.1688591
1.1672322
1.1655881
1.1672388
1.1711065
1.170195
1.1686204
1.1696014
1.1729027
1.172255
1.1714763
1.1722688
1.1711172
1.1696119
1.1686515
1.1702267
1.1689103
1.1672892
1.1656555
1.1673009
1.1711442
1.1702398
1.1686766
1.1696511
1.1729097
1.1722759
1.1714974
1.1722759
1.1711513
1.1696584
1.1686982
1.1702611
1.168945
1.1673361
1.1657028
1.1673361
1.1711513
1.1702611
1.1686982
1.1696584
1.1729027
1.1722688
1.1714763
1.172255
1.1711442
1.1696511
1.1686766
1.1702398
1.1689103
1.1673009
1.1656555
1.1672891
1.1711172
1.1702267
1.1686515
1.1696119
1.1728916
1.1722441
1.1714441
1.1722359
1.1711064
1.1696014
1.1686204
1.170195
1.1688591
1.1672388
1.1655881
1.1672322
1.1710906
1.1701874
1.1686061
1.1695787
1.1678735
1.1661861
1.1652133
1.1668785
1.1647507
1.1638199
1.1628971
1.1638255
1.1624499
1.1614798
1.1598194
1.160806
1.165491
1.1638339
1.1621896
1.1638418
1.1621061
1.160469
1.1588681
1.1604727
1.1591069
1.1581473
1.1566703
1.1575576
1.156332
1.1555568
1.1549255
1.1555576
1.1591126
1.1575596
1.156673
1.1581533
1.167902
1.1668985
1.1652374
1.1662192
1.1655031
1.1638471
1.1621986
1.1638498
1.1624677
1.1608169
1.1598304
1.1614975
1.1647869
1.1638519
1.1629234
1.1638571
1.1679125
1.1662298
1.1652688
1.1669294
1.164798
1.1638701
1.1629599
1.1638847
1.16252
1.1615533
1.1599019
1.1608855
1.165553
1.1639002
1.1622656
1.1639138
1.1621866
1.1605532
1.1589585
1.1605599
1.1591941
1.158237
1.1567654
1.1576507
1.1564291
1.1556555
1.1550259
1.1556569
1.1592045
1.1576545
1.1567703
1.1582481
1.1679624
1.1669646
1.1653117
1.1662883
1.1655745
1.1639233
1.162282
1.1639288
1.1625522
1.1609054
1.1599219
1.1615853
1.1648625
1.163932
1.1630071
1.1639364
1.1679698
1.166296
1.1653345
1.1669867
1.1648707
1.1639462
1.1630346
1.1639564
1.1625913
1.1616274
1.1599761
1.1609569
1.1656104
1.1639658
1.1623315
1.1639715
1.1622451
1.1606197
1.1590261
1.1606197
1.159266
1.1583117
1.1568409
1.1577234
1.156503
1.1557318
1.155103
1.1557318
1.159266
1.1577234
1.1568409
1.1583117
1.1679698
1.1669867
1.1653345
1.166296
1.1656104
1.1639715
1.1623315
1.1639658
1.1625913
1.1609569
1.1599761
1.1616274
1.1648707
1.1639564
1.1630346
1.1639462
1.1679624
1.1662883
1.1653116
1.1669646
1.1648625
1.1639364
1.1630071
1.163932
1.1625522
1.1615853
1.1599219
1.1609054
1.1655745
1.1639288
1.1622819
1.1639233
1.1621866
1.1605599
1.1589585
1.1605532
1.1592045
1.1582481
1.1567703
1.1576545
1.1564291
1.1556568
1.1550259
1.1556555
1.1591941
1.1576506
1.1567654
1.158237
1.1679125
1.1669294
1.1652687
1.1662298
1.165553
1.1639138
1.1622656
1.1639002
1.16252
1.1608855
1.1599019
1.1615533
1.164798
1.1638847
1.1629599
1.1638701
1.167902
1.1662192
1.1652374
1.1668985
1.1647869
1.163857
1.1629234
1.1638519
1.1624677
1.1614975
1.1598304
1.1608169
1.1655031
1.1638498
1.1621986
1.1638471
1.1621061
1.1604727
1.1588681
1.160469
1.1591125
1.1581533
1.1566729
1.1575596
1.156332
1.1555576
1.1549255
1.1555568
1.1591068
1.1575575
1.1566703
1.1581473
1.1678735
1.1668785
1.1652133
1.1661861
1.165491
1.1638418
1.1621896
1.1638338
1.1624499
1.1608059
1.1598194
1.1614798
1.1647507
1.1638255
1.1628971
1.1638199
1.1730655
1.1729679
1.17297
1.1730676
1.1729166
1.1727275
1.1727782
1.172499
1.1725011
1.1727803
1.1727338
1.1729229
1.1726286
1.1723523
1.1724493
1.1722086
1.1718519
1.1719916
1.1715516
1.1716423
1.1720859
1.1721343
1.1716888
1.1716908
1.1721363
1.1711242
1.1711685
1.1705796
1.1705815
1.1711704
1.1711301
1.1716483
1.1724555
1.1723626
1.172639
1.172092
1.1715616
1.1720018
1.1718661
1.172223
1.1716676
1.1712396
1.1714171
1.17102
1.170532
1.170741
1.1701786
1.1703371
1.17091
1.1710379
1.1702838
1.1697491
1.1699823
1.1694799
1.1689139
1.1691628
1.1685323
1.1687271
1.1693783
1.1695595
1.1688908
1.1690228
1.1697056
1.1680363
1.1681801
1.1674348
1.1675328
1.168296
1.1683837
1.1691226
1.1704571
1.1705381
1.1698163
1.16919
1.1698909
1.1699292
1.1692246
1.1692264
1.1699311
1.1684428
1.1684733
1.167683
1.1676847
1.1684751
1.1684481
1.1691954
1.167607
1.1676571
1.1667405
1.1668
1.1659701
1.1659998
1.1668403
1.1668612
1.1660155
1.166017
1.1668629
1.165143
1.1651531
1.1642813
1.1642827
1.1651546
1.1651474
1.1660045
1.1676622
1.1676155
1.1683925
1.1668452
1.1659778
1.1668082
1.1667519
1.1675447
1.171431
1.1712575
1.1716858
1.1710477
1.1709237
1.1703506
1.1701959
1.1707586
1.1705534
1.1710418
1.1705439
1.1704668
1.1698965
1.1691317
1.1698256
1.1697188
1.1690355
1.1689072
1.1695763
1.1683084
1.1674501
1.168196
1.1680557
1.1687471
1.1700034
1.1697739
1.170309
1.1693988
1.1685559
1.169187
1.1689417
1.1695084
1.1729756
1.172979
1.1730711
1.1727393
1.1727913
1.1725175
1.172521
1.1727948
1.1727497
1.1729333
1.1723681
1.1724665
1.1718715
1.1720127
1.1715778
1.1716699
1.1721084
1.1721581
1.1717179
1.1717213
1.1721615
1.1711569
1.1712025
1.1706186
1.1706219
1.1712059
1.171167
1.1716801
1.1724768
1.1723853
1.1726563
1.1721187
1.1715948
1.1720298
1.1718955
1.1722471
1.1712629
1.1714418
1.1705587
1.1707693
1.1702118
1.1703718
1.1709397
1.1710691
1.1697792
1.170014
1.168947
1.1691975
1.1685716
1.168768
1.1694146
1.1695973
1.1689332
1.1690667
1.169745
1.1680816
1.168227
1.1674859
1.1675855
1.1683444
1.1684336
1.1691681
1.1704933
1.1705756
1.1698571
1.1692369
1.1699332
1.1699729
1.1692729
1.1692761
1.1699762
1.1684942
1.1685261
1.16774
1.167743
1.1685292
1.1685035
1.1692464
1.1676612
1.1677127
1.1667974
1.1668583
1.1660323
1.1660635
1.1669
1.1669223
1.1660804
1.1660832
1.1669252
1.1652104
1.1652217
1.1643534
1.1643559
1.1652243
1.1652182
1.1660717
1.1677217
1.1676762
1.1684491
1.1669086
1.1660461
1.1668728
1.1668176
1.1676065
1.1714656
1.1712933
1.1717165
1.1710859
1.1709632
1.170395
1.1702415
1.1707995
1.1705955
1.171079
1.1705856
1.1705098
1.169943
1.169184
1.1698734
1.1697678
1.169089
1.1689618
1.1696265
1.1683661
1.1675129
1.1682548
1.1681156
1.1688029
1.1700502
1.169822
1.1703524
1.1694502
1.1686127
1.1692396
1.1689954
1.1695577
1.1729825
1.1729825
1.1730711
1.1727532
1.1728018
1.1725315
1.1725315
1.1728018
1.1727532
1.1729333
1.1723888
1.1724839
1.171899
1.1720369
1.1716054
1.1716943
1.1721293
1.1721756
1.1717388
1.1717388
1.1721756
1.1711846
1.171227
1.1706465
1.1706465
1.171227
1.1711846
1.1716943
1.1724839
1.1723888
1.1726563
1.1721293
1.1716054
1.1720369
1.171899
1.1722471
1.1712969
1.1714727
1.1705991
1.1708066
1.1702523
1.1704092
1.1709739
1.1711001
1.1698256
1.1700574
1.1689991
1.1692469
1.1686237
1.1688174
1.1694611
1.1696409
1.1689798
1.1691105
1.1697857
1.1681338
1.1682765
1.1675382
1.1676351
1.1683911
1.1684774
1.1692088
1.1705276
1.1706068
1.1698947
1.1692746
1.1699677
1.1700042
1.1693075
1.1693075
1.1700042
1.1685351
1.1685639
1.1677811
1.1677811
1.1685639
1.1685351
1.1692746
1.167708
1.1677567
1.1668497
1.166908
1.1660848
1.1661133
1.166947
1.1669665
1.1661276
1.1661276
1.1669665
1.165263
1.1652719
1.1644064
1.1644064
1.1652719
1.165263
1.1661133
1.1677567
1.167708
1.1684774
1.166947
1.1660848
1.166908
1.1668497
1.1676351
1.1714727
1.1712969
1.1717165
1.1711001
1.1709739
1.1704092
1.1702523
1.1708066
1.1705991
1.171079
1.1706068
1.1705276
1.1699677
1.1692088
1.1698947
1.1697857
1.1691105
1.1689798
1.1696409
1.1683911
1.1675382
1.1682765
1.1681338
1.1688174
1.1700574
1.1698256
1.1703524
1.1694611
1.1686237
1.1692469
1.168999
1.1695577
1.172979
1.1729756
1.1730676
1.1727496
1.1727948
1.172521
1.1725175
1.1727913
1.1727393
1.1729229
1.1723853
1.1724768
1.1718955
1.1720298
1.1715947
1.1716801
1.1721187
1.1721615
1.1717213
1.1717178
1.1721581
1.171167
1.1712059
1.1706219
1.1706186
1.1712025
1.1711569
1.1716699
1.1724665
1.1723681
1.172639
1.1721084
1.1715777
1.1720127
1.1718715
1.172223
1.1712933
1.1714656
1.1705955
1.1707995
1.1702415
1.1703949
1.1709632
1.1710859
1.1698219
1.1700502
1.1689954
1.1692396
1.1686127
1.1688029
1.1694502
1.1696265
1.1689618
1.169089
1.1697678
1.1681156
1.1682548
1.1675129
1.1676065
1.1683661
1.1684491
1.169184
1.1705098
1.1705856
1.1698734
1.1692464
1.169943
1.1699762
1.1692761
1.1692729
1.1699729
1.1685035
1.1685292
1.167743
1.16774
1.1685261
1.1684942
1.1692369
1.1676762
1.1677217
1.1668176
1.1668727
1.1660461
1.1660717
1.1669086
1.1669252
1.1660832
1.1660804
1.1669223
1.1652182
1.1652243
1.1643559
1.1643534
1.1652217
1.1652104
1.1660634
1.1677127
1.1676612
1.1684336
1.1669
1.1660323
1.1668583
1.1667974
1.1675855
1.1714418
1.1712628
1.1716858
1.1710691
1.1709397
1.1703718
1.1702118
1.1707693
1.1705587
1.1710418
1.1705756
1.1704932
1.1699332
1.1691681
1.1698571
1.169745
1.1690667
1.1689332
1.1695973
1.1683444
1.1674859
1.168227
1.1680816
1.168768
1.1700139
1.1697792
1.170309
1.1694146
1.1685715
1.1691975
1.168947
1.1695084
1.17297
1.1729679
1.1727338
1.1727803
1.1725011
1.172499
1.1727782
1.1727275
1.1723626
1.1724555
1.1718661
1.1720018
1.1715616
1.1716483
1.172092
1.1721363
1.1716908
1.1716888
1.1721342
1.1711301
1.1711704
1.1705815
1.1705796
1.1711685
1.1711242
1.1716423
1.1724493
1.1723523
1.1720859
1.1715516
1.1719916
1.1718519
1.1712575
1.171431
1.1705534
1.1707586
1.1701959
1.1703506
1.1709237
1.1710477
1.1697739
1.1700034
1.1689417
1.169187
1.1685559
1.1687471
1.1693988
1.1695763
1.1689072
1.1690355
1.1697187
1.1680557
1.168196
1.16745
1.1675447
1.1683083
1.1683925
1.1691317
1.1704667
1.1705438
1.1698256
1.1691954
1.1698965
1.1699311
1.1692264
1.1692246
1.1699292
1.1684481
1.1684751
1.1676847
1.167683
1.1684733
1.1684428
1.1691899
1.1676155
1.1676622
1.1667519
1.1668081
1.1659778
1.1660045
1.1668452
1.1668629
1.166017
1.1660155
1.1668612
1.1651474
1.1651546
1.1642827
1.1642813
1.1651531
1.165143
1.1659998
1.1676571
1.167607
1.1683837
1.1668403
1.1659701
1.1668
1.1667405
1.1675328
1.1714171
1.1712396
1.1710379
1.17091
1.1703371
1.1701786
1.170741
1.170532
1.1705381
1.1704571
1.1698909
1.1691226
1.1698163
1.1697056
1.1690228
1.1688908
1.1695595
1.168296
1.1674348
1.1681801
1.1680363
1.1687271
1.1699823
1.1697491
1.1693783
1.1685323
1.1691628
1.1689139
1.1686323
1.1680516
1.1683069
1.1677671
1.1671896
1.1674411
1.166808
1.1669995
1.1676664
1.1678649
1.1669121
1.1663567
1.1665938
1.1660967
1.1655829
1.1657941
1.1652294
1.1653712
1.1659859
1.1661587
1.1654986
1.1656119
1.1663126
1.1647535
1.1648323
1.1641632
1.1641882
1.1649022
1.1649637
1.1657113
1.1671679
1.167313
1.1664479
1.1657968
1.1665643
1.1666619
1.1653515
1.1648994
1.1650725
1.1647085
1.1643395
1.1644602
1.1640326
1.1640704
1.1645683
1.1646658
1.1642028
1.1639413
1.1639903
1.1638803
1.1637582
1.163698
1.1634381
1.1633031
1.1636505
1.1636105
1.1631847
1.1630795
1.1635756
1.1629374
1.1627489
1.1623018
1.1620738
1.1625789
1.1624256
1.1629855
1.1641045
1.1641354
1.1635449
1.1629016
1.1635178
1.163494
1.162827
1.1627613
1.1634733
1.1622878
1.1621647
1.1615105
1.1613611
1.1620558
1.161961
1.1627043
1.1618664
1.1616788
1.1615666
1.1613108
1.1607636
1.1604909
1.1610782
1.1608686
1.1602443
1.1600242
1.160682
1.159923
1.1596438
1.1590737
1.1587979
1.1593939
1.1591738
1.1598307
1.1612305
1.1611186
1.1618799
1.1605184
1.1596643
1.160378
1.1602608
1.1610255
1.1658685
1.1659263
1.1650166
1.165061
1.1642457
1.1642591
1.1650969
1.1651243
1.1642102
1.1642294
1.1634556
1.1626557
1.1634407
1.1634286
1.1626156
1.1625837
1.1634192
1.1618125
1.1609511
1.1617588
1.1617188
1.1625601
1.1642695
1.1642769
1.1634126
1.1625448
1.1634085
1.1634072
1.1625377
1.1625389
1.1634085
1.1616925
1.1616799
1.1608407
1.1608417
1.1616809
1.1616957
1.1625483
1.1608954
1.1608586
1.1601671
1.1600968
1.1593301
1.1592745
1.1600503
1.1600274
1.159247
1.1592478
1.1600283
1.1585386
1.158507
1.1578144
1.157815
1.1585077
1.1585406
1.1592768
1.1608616
1.1609003
1.1617242
1.1600529
1.1593339
1.1601012
1.1601732
1.1609579
1.1595252
1.1594137
1.1589842
1.1588254
1.1581685
1.158027
1.158698
1.1586023
1.1585546
1.1583445
1.1582432
1.15798
1.157457
1.1572148
1.1577524
1.1575615
1.1570113
1.1568474
1.1574078
1.1567384
1.1565246
1.1561078
1.1559288
1.1563523
1.1562223
1.1567239
1.1579206
1.1578497
1.1572922
1.1566414
1.157215
1.1571765
1.1566002
1.1566006
1.157177
1.1561354
1.156092
1.1556581
1.1556583
1.1560923
1.1561364
1.1566425
1.1557937
1.1557033
1.1555824
1.1554434
1.1551762
1.1550813
1.1553504
1.1553038
1.1550337
1.1550338
1.1553039
1.1548997
1.1548515
1.1547598
1.1547598
1.1548516
1.1548999
1.1550816
1.155704
1.1557948
1.1562238
1.1553508
1.1551767
1.1554442
1.1555834
1.1559303
1.1594191
1.1595321
1.1602686
1.1586056
1.1587027
1.158031
1.1581735
1.1588314
1.1589914
1.1596726
1.1578514
1.1579235
1.1572164
1.1567258
1.1572945
1.1574111
1.15685
1.1570146
1.1575656
1.1563544
1.1561096
1.1565272
1.1567415
1.1572188
1.1583506
1.1585617
1.1591822
1.1577575
1.1574617
1.1579858
1.1582498
1.158806
1.168334
1.1680823
1.1686638
1.1678878
1.1676927
1.1670249
1.1668368
1.1674709
1.1672228
1.1678013
1.1673317
1.1671899
1.1666766
1.1665822
1.1658139
1.1657314
1.166469
1.166337
1.1656351
1.1655249
1.1661863
1.1649827
1.1649242
1.1642087
1.1641865
1.1648571
1.1647813
1.1654006
1.1666258
1.1663921
1.1669487
1.1660167
1.1652619
1.1658282
1.1656202
1.1661355
1.1659371
1.1658825
1.1651316
1.1651072
1.1642687
1.1642581
1.1650742
1.1650327
1.1642811
1.1642764
1.1634124
1.162566
1.163419
1.1634282
1.162592
1.1626262
1.1634401
1.1617663
1.1610342
1.1618222
1.1618917
1.1626687
1.1642445
1.1642281
1.1634548
1.1627196
1.1634722
1.1634924
1.1627789
1.1628468
1.1635156
1.1619749
1.1620718
1.1613755
1.1615266
1.1621827
1.1623078
1.1629237
1.1611293
1.161243
1.1603875
1.1598405
1.1605296
1.1606947
1.1600353
1.1602568
1.1608829
1.1594035
1.1590827
1.1596545
1.1599347
1.1605047
1.1616967
1.161886
1.1624476
1.161094
1.1607786
1.1613281
1.1615853
1.1620951
1.1651081
1.1649382
1.1653921
1.1646965
1.1646021
1.1641019
1.164067
1.1644969
1.1643793
1.1647505
1.1641614
1.1641332
1.1635419
1.1630098
1.1635715
1.1636047
1.163106
1.1632134
1.1636422
1.1626029
1.1623247
1.1627747
1.162965
1.163334
1.1640276
1.1639816
1.1642458
1.1636847
1.1634711
1.1637348
1.1637975
1.163924
1.1680875
1.1683445
1.167228
1.1674814
1.1668525
1.1670457
1.1677084
1.1679086
1.1663974
1.1666364
1.1656256
1.1658388
1.165278
1.1654218
1.1660326
1.1662072
1.1655511
1.1656662
1.166363
1.1648081
1.1648887
1.1642234
1.1642502
1.1649605
1.1650236
1.1657673
1.1672158
1.1673626
1.1665
1.1658546
1.1666181
1.1667173
1.1649438
1.165119
1.1643852
1.1645083
1.1640846
1.1641246
1.1646187
1.1647183
1.1639881
1.1640399
1.1638066
1.1637491
1.1634936
1.1633607
1.1637041
1.1636664
1.1632445
1.1631414
1.1636336
1.162999
1.1628126
1.1623692
1.162143
1.1626446
1.1624931
1.1630494
1.1641608
1.1641937
1.163605
1.1629673
1.1635799
1.163558
1.1628945
1.1628306
1.163539
1.1623571
1.1622357
1.1615848
1.161437
1.1621285
1.1620351
1.1627751
1.1619374
1.1617515
1.1616392
1.1613851
1.160841
1.1605698
1.1611541
1.1609461
1.1603247
1.160106
1.1607609
1.1600047
1.159727
1.1591594
1.1588848
1.1594784
1.1592595
1.1599138
1.1613079
1.1611974
1.1619555
1.1605988
1.1597486
1.1604596
1.1603437
1.1611055
1.1659278
1.1659871
1.1650782
1.1651242
1.1643126
1.1643274
1.1651616
1.1651903
1.164274
1.1642948
1.163523
1.1627281
1.1635096
1.163499
1.1626893
1.1626588
1.163491
1.1618895
1.1610322
1.161837
1.1617982
1.1626364
1.1643392
1.1643478
1.1634856
1.1626222
1.1634828
1.1634826
1.1626162
1.1626184
1.1634849
1.161773
1.1617613
1.1609249
1.1609267
1.1617633
1.1617788
1.1626287
1.1609777
1.1609419
1.160251
1.1601818
1.1594176
1.1593628
1.1601361
1.1601141
1.1593361
1.1593375
1.1601157
1.1586291
1.1585981
1.1579075
1.1579085
1.1585994
1.1586327
1.159367
1.1609472
1.1609866
1.161808
1.1601409
1.1594246
1.1601898
1.1602621
1.1610446
1.1596107
1.1595003
1.159071
1.1589133
1.1582586
1.158118
1.1587869
1.158692
1.1586427
1.1584337
1.1583324
1.1580702
1.1575492
1.1573079
1.1578437
1.1576536
1.1571052
1.1569421
1.1575008
1.1568332
1.1566201
1.1562046
1.1560262
1.1564485
1.1563191
1.1568192
1.1580124
1.1579422
1.1573858
1.1567372
1.1573092
1.1572713
1.1566965
1.1566972
1.1572722
1.1562327
1.1561896
1.1557567
1.1557572
1.1561902
1.1562343
1.1567393
1.1558917
1.1558017
1.1556809
1.1555424
1.1552759
1.1551813
1.1554497
1.1554033
1.1551339
1.1551341
1.1554036
1.1550002
1.1549521
1.1548606
1.1548606
1.1549522
1.1550004
1.1551818
1.1558029
1.1558937
1.1563218
1.1554505
1.1552767
1.1555437
1.1556827
1.156029
1.15951
1.1596232
1.1603579
1.1586981
1.1587954
1.1581253
1.1582679
1.1589242
1.1590842
1.1597638
1.1579453
1.1580176
1.1573119
1.1568227
1.1573902
1.1575068
1.1569469
1.1571114
1.1576613
1.1564523
1.1562081
1.1566249
1.1568389
1.1573153
1.1584449
1.1586557
1.1592749
1.1578529
1.1575578
1.158081
1.1583445
1.1588996
1.1683919
1.1681411
1.1687185
1.1679487
1.1677546
1.1670905
1.1669032
1.1675337
1.1672864
1.1678611
1.1673955
1.1672546
1.1667432
1.1666498
1.1658849
1.1658031
1.1665374
1.1664061
1.1657075
1.1655978
1.1662561
1.1650576
1.1649996
1.164287
1.1642651
1.164933
1.1648576
1.165474
1.166693
1.1664599
1.1670131
1.1660871
1.1653357
1.1658991
1.1656916
1.1662039
1.1660064
1.1659526
1.1652034
1.1651799
1.1643447
1.1643348
1.1651477
1.165107
1.1643553
1.1643515
1.1634898
1.1626471
1.1634972
1.1635072
1.1626737
1.1627085
1.1635197
1.1618507
1.1611213
1.161907
1.1619768
1.1627514
1.1643218
1.1643059
1.1635349
1.1628026
1.1635528
1.1635733
1.1628622
1.1629303
1.1635968
1.1620603
1.1621573
1.161463
1.161614
1.1622682
1.1623932
1.1630071
1.1612167
1.1613305
1.1604769
1.1599316
1.160619
1.1607841
1.1601263
1.1603475
1.160972
1.1594959
1.1591758
1.1597465
1.1600262
1.1605949
1.1617839
1.1619728
1.1625328
1.1611828
1.1608682
1.1614164
1.161673
1.1621814
1.1651823
1.1650126
1.1654639
1.1647731
1.1646787
1.1641809
1.1641458
1.1645737
1.164456
1.164825
1.1642402
1.1642122
1.1636231
1.1630931
1.1636527
1.1636858
1.163189
1.163296
1.163723
1.1626876
1.1624104
1.1628589
1.1630485
1.163416
1.1641062
1.1640598
1.1643224
1.1637651
1.1635525
1.1638147
1.1638767
1.1640017
1.1681448
1.1683993
1.1672901
1.1675411
1.1669144
1.1671053
1.1677657
1.1679634
1.1664637
1.1667005
1.1656955
1.1659069
1.1653476
1.1654896
1.1660986
1.1662712
1.165617
1.1657301
1.1664248
1.1648773
1.1649562
1.1642924
1.1643175
1.1650262
1.1650874
1.1658291
1.1672731
1.1674174
1.1665596
1.1659142
1.1666753
1.1667721
1.1650167
1.1651903
1.1644604
1.1645822
1.164159
1.1641978
1.1646911
1.1647891
1.1640647
1.1641154
1.1638835
1.1638254
1.1635694
1.1634362
1.1637797
1.1637412
1.1633194
1.1632156
1.1637075
1.1630742
1.1628874
1.1624439
1.1622175
1.162719
1.162567
1.1631227
1.1642327
1.1642642
1.1636778
1.1630398
1.1636514
1.1636282
1.1629659
1.1629007
1.1636078
1.1624302
1.162308
1.1616578
1.1615092
1.1621997
1.1621053
1.1628439
1.1620115
1.1618252
1.1617137
1.1614594
1.1609154
1.1606442
1.1612282
1.1610197
1.1603989
1.1601797
1.160834
1.1600792
1.1598014
1.1592341
1.1589595
1.1595526
1.1593335
1.1599871
1.1613792
1.1612676
1.1620243
1.1606711
1.1598212
1.1605311
1.1604141
1.1611745
1.1659851
1.166042
1.16514
1.1651838
1.1643744
1.1643872
1.165219
1.1652454
1.1643396
1.1643585
1.1635902
1.1627954
1.1635753
1.1635629
1.1627551
1.1627228
1.163553
1.1619569
1.1611
1.161903
1.1618625
1.1626987
1.1643968
1.1644032
1.1635456
1.1626825
1.1635407
1.1635383
1.1626745
1.1626745
1.1635383
1.1618355
1.161822
1.1609879
1.1609879
1.161822
1.1618355
1.1626825
1.161044
1.1610066
1.1603204
1.1602499
1.1594873
1.1594313
1.1602028
1.1601793
1.1594033
1.1594033
1.1601793
1.1586993
1.1586672
1.1579783
1.1579783
1.1586672
1.1586993
1.1594313
1.1610066
1.161044
1.1618625
1.1602028
1.1594873
1.1602499
1.1603204
1.1611
1.1596824
1.159571
1.1591445
1.1589862
1.1583324
1.1581913
1.158859
1.1587632
1.1587172
1.1585079
1.1584073
1.1581452
1.1576245
1.1573832
1.1579185
1.1577282
1.1571805
1.1570171
1.157575
1.1569088
1.1566959
1.1562807
1.1561024
1.1565241
1.1563946
1.1568938
1.1580849
1.1580139
1.1574595
1.1568114
1.1573823
1.1573436
1.1567701
1.1567701
1.1573436
1.1563078
1.1562643
1.1558324
1.1558324
1.1562643
1.1563078
1.1568114
1.1559678
1.1558776
1.1557574
1.155619
1.1553528
1.1552583
1.1555262
1.1554797
1.1552108
1.1552108
1.1554797
1.1550775
1.1550294
1.1549381
1.1549381
1.1550294
1.1550775
1.1552583
1.1558776
1.1559678
1.1563946
1.1555262
1.1553528
1.155619
1.1557574
1.1561024
1.159571
1.1596824
1.1604141
1.1587632
1.158859
1.1581913
1.1583324
1.1589862
1.1591445
1.1598212
1.1580139
1.1580849
1.1573823
1.1568938
1.1574595
1.157575
1.1570171
1.1571804
1.1577282
1.1565241
1.1562807
1.1566959
1.1569088
1.1573832
1.1585079
1.1587172
1.1593335
1.1579185
1.1576245
1.1581452
1.1584073
1.1589595
1.1683992
1.1681448
1.1687185
1.1679634
1.1677657
1.1671053
1.1669144
1.1675411
1.1672901
1.167861
1.1674174
1.1672731
1.1667721
1.1666753
1.1659142
1.1658291
1.1665596
1.1664248
1.1657301
1.165617
1.1662712
1.1650874
1.1650262
1.1643175
1.1642924
1.1649562
1.1648773
1.1654896
1.1667005
1.1664637
1.1670131
1.1660986
1.1653476
1.1659069
1.1656955
1.1662039
1.166042
1.1659851
1.1652454
1.165219
1.1643872
1.1643744
1.1651838
1.16514
1.1644032
1.1643968
1.1635407
1.1626987
1.1635456
1.163553
1.1627228
1.1627551
1.1635629
1.161903
1.1611745
1.1619569
1.1620243
1.1627954
1.1643585
1.1643396
1.1635753
1.1628439
1.1635902
1.1636078
1.1629007
1.1629659
1.1636282
1.1621053
1.1621997
1.1615092
1.1616578
1.162308
1.1624302
1.1630398
1.1612676
1.1613792
1.1605311
1.1599871
1.1606711
1.160834
1.1601797
1.1603989
1.1610197
1.1595526
1.1592341
1.1598014
1.1600792
1.1606442
1.1618252
1.1620115
1.162567
1.1612282
1.1609154
1.1614594
1.1617137
1.1622175
1.1651903
1.1650167
1.1654639
1.1647891
1.1646911
1.1641978
1.164159
1.1645821
1.1644604
1.164825
1.1642642
1.1642327
1.1636514
1.1631227
1.1636778
1.1637075
1.1632156
1.1633194
1.1637412
1.162719
1.1624439
1.1628874
1.1630742
1.1634362
1.1641154
1.1640647
1.1643224
1.1637797
1.1635694
1.1638254
1.1638835
1.1640017
1.1681411
1.1683919
1.1672864
1.1675336
1.1669032
1.1670904
1.1677546
1.1679487
1.1664599
1.1666929
1.1656916
1.1658991
1.1653357
1.165474
1.1660871
1.166256
1.1655978
1.1657075
1.1664061
1.1648576
1.164933
1.1642651
1.164287
1.1649996
1.1650576
1.1658031
1.1672546
1.1673955
1.1665374
1.1658849
1.1666498
1.1667432
1.1650126
1.1651823
1.164456
1.1645737
1.1641458
1.1641809
1.1646787
1.164773
1.1640598
1.1641062
1.1638767
1.1638146
1.1635525
1.163416
1.1637651
1.163723
1.163296
1.163189
1.1636858
1.1630485
1.1628589
1.1624103
1.1621814
1.1626876
1.1625328
1.1630931
1.1642122
1.1642402
1.1636527
1.1630071
1.1636231
1.1635967
1.1629302
1.1628622
1.1635733
1.1623932
1.1622682
1.161614
1.161463
1.1621573
1.1620602
1.1628026
1.1619728
1.1617839
1.161673
1.1614164
1.1608682
1.1605949
1.1611828
1.160972
1.1603475
1.1601263
1.1607841
1.1600262
1.1597465
1.1591758
1.1588996
1.1594958
1.1592749
1.1599316
1.1613305
1.1612166
1.1619768
1.160619
1.1597638
1.1604769
1.1603578
1.1611213
1.1659526
1.1660064
1.165107
1.1651477
1.1643348
1.1643447
1.1651799
1.1652034
1.1643059
1.1643218
1.1635527
1.1627514
1.1635349
1.1635197
1.1627085
1.1626737
1.1635071
1.161907
1.1610446
1.1618507
1.161808
1.1626471
1.1643515
1.1643553
1.1634972
1.1626287
1.1634898
1.1634849
1.1626184
1.1626162
1.1634826
1.1617788
1.1617633
1.1609267
1.1609249
1.1617613
1.1617729
1.1626222
1.1609866
1.1609472
1.1602621
1.1601897
1.1594245
1.159367
1.1601409
1.1601157
1.1593375
1.1593361
1.1601141
1.1586327
1.1585993
1.1579085
1.1579075
1.1585981
1.158629
1.1593628
1.1609419
1.1609777
1.1617982
1.1601361
1.1594175
1.1601818
1.160251
1.1610322
1.1596232
1.15951
1.1590842
1.1589242
1.1582678
1.1581253
1.1587954
1.1586981
1.1586557
1.1584448
1.1583445
1.1580809
1.1575578
1.1573153
1.1578529
1.1576613
1.1571114
1.1569469
1.1575068
1.1568388
1.1566249
1.1562081
1.156029
1.1564522
1.1563218
1.1568227
1.1580176
1.1579453
1.1573902
1.1567393
1.1573118
1.1572722
1.1566972
1.1566965
1.1572713
1.1562343
1.1561901
1.1557571
1.1557567
1.1561896
1.1562326
1.1567372
1.1558937
1.1558029
1.1556827
1.1555437
1.1552767
1.1551817
1.1554505
1.1554036
1.155134
1.1551339
1.1554033
1.1550004
1.1549522
1.1548606
1.1548606
1.1549521
1.1550002
1.1551812
1.1558016
1.1558916
1.1563191
1.1554496
1.1552759
1.1555423
1.1556808
1.1560262
1.1595002
1.1596107
1.1603437
1.158692
1.1587869
1.158118
1.1582586
1.1589133
1.159071
1.1597486
1.1579421
1.1580124
1.1573092
1.1568192
1.1573858
1.1575008
1.156942
1.1571052
1.1576536
1.1564484
1.1562046
1.1566201
1.1568331
1.1573079
1.1584337
1.1586427
1.1592595
1.1578437
1.1575492
1.1580702
1.1583323
1.1588848
1.1683445
1.1680875
1.1686638
1.1679086
1.1677084
1.1670457
1.1668525
1.1674814
1.167228
1.1678013
1.1673626
1.1672158
1.1667173
1.1666181
1.1658545
1.1657673
1.1664999
1.166363
1.1656662
1.1655511
1.1662072
1.1650236
1.1649605
1.1642502
1.1642234
1.1648887
1.164808
1.1654218
1.1666363
1.1663974
1.1669487
1.1660325
1.165278
1.1658388
1.1656256
1.1661355
1.1659871
1.1659278
1.1651903
1.1651616
1.1643274
1.1643126
1.1651242
1.1650782
1.1643478
1.1643392
1.1634828
1.1626364
1.1634856
1.163491
1.1626588
1.1626893
1.163499
1.161837
1.1611055
1.1618894
1.1619555
1.1627281
1.1642948
1.1642739
1.1635096
1.1627751
1.1635229
1.163539
1.1628306
1.1628945
1.163558
1.1620351
1.1621285
1.161437
1.1615848
1.1622357
1.1623571
1.1629673
1.1611973
1.1613078
1.1604596
1.1599138
1.1605987
1.1607609
1.160106
1.1603247
1.160946
1.1594783
1.1591594
1.1597269
1.1600047
1.1605698
1.1617515
1.1619373
1.1624931
1.1611541
1.160841
1.161385
1.1616392
1.1621429
1.165119
1.1649438
1.1653921
1.1647183
1.1646187
1.1641246
1.1640845
1.1645083
1.1643851
1.1647505
1.1641937
1.1641608
1.1635799
1.1630493
1.163605
1.1636336
1.1631414
1.1632445
1.1636664
1.1626445
1.1623691
1.1628125
1.162999
1.1633607
1.1640398
1.1639881
1.1642458
1.163704
1.1634935
1.1637491
1.1638065
1.163924
1.1680823
1.168334
1.1672228
1.1674709
1.1668368
1.1670248
1.1676927
1.1678878
1.1663921
1.1666258
1.1656202
1.1658282
1.1652619
1.1654006
1.1660167
1.1661863
1.1655249
1.1656351
1.166337
1.1647813
1.1648571
1.1641865
1.1642087
1.1649242
1.1649827
1.1657314
1.1671899
1.1673317
1.166469
1.1658138
1.1665822
1.1666766
1.1649382
1.1651081
1.1643793
1.1644969
1.1640669
1.1641019
1.164602
1.1646965
1.1639815
1.1640276
1.1637975
1.1637347
1.1634711
1.163334
1.1636847
1.1636421
1.1632134
1.163106
1.1636047
1.1629649
1.1627747
1.1623247
1.162095
1.1626028
1.1624476
1.1630098
1.1641332
1.1641614
1.1635715
1.1629237
1.1635419
1.1635156
1.1628468
1.1627789
1.1634924
1.1623078
1.1621827
1.1615266
1.1613754
1.1620718
1.1619748
1.1627195
1.161886
1.1616967
1.1615853
1.1613281
1.1607786
1.1605047
1.161094
1.1608829
1.1602568
1.1600353
1.1606947
1.1599347
1.1596545
1.1590827
1.1588059
1.1594035
1.1591822
1.1598405
1.161243
1.1611293
1.1618916
1.1605296
1.1596726
1.1603875
1.1602686
1.1610342
1.1658824
1.1659371
1.1650327
1.1650742
1.1642581
1.1642687
1.1651072
1.1651316
1.1642281
1.1642445
1.1634722
1.1626687
1.1634548
1.1634401
1.1626262
1.1625919
1.1634282
1.1618222
1.1609579
1.1617663
1.1617242
1.162566
1.1642764
1.1642811
1.163419
1.1625483
1.1634124
1.1634085
1.1625389
1.1625377
1.1634072
1.1616957
1.1616809
1.1608417
1.1608407
1.1616798
1.1616925
1.1625448
1.1609003
1.1608615
1.1601732
1.1601012
1.1593339
1.1592768
1.1600529
1.1600282
1.1592478
1.159247
1.1600274
1.1585406
1.1585076
1.157815
1.1578144
1.158507
1.1585385
1.1592745
1.1608586
1.1608954
1.1617188
1.1600502
1.1593301
1.1600968
1.1601671
1.160951
1.1595321
1.1594191
1.1589914
1.1588313
1.1581735
1.158031
1.1587026
1.1586056
1.1585617
1.1583506
1.1582498
1.1579858
1.1574617
1.1572188
1.1577575
1.1575656
1.1570146
1.15685
1.1574111
1.1567415
1.1565272
1.1561096
1.1559303
1.1563543
1.1562238
1.1567258
1.1579235
1.1578514
1.1572945
1.1566425
1.1572164
1.157177
1.1566006
1.1566002
1.1571765
1.1561363
1.1560923
1.1556583
1.1556581
1.156092
1.1561354
1.1566413
1.1557948
1.155704
1.1555834
1.1554442
1.1551766
1.1550815
1.1553508
1.1553039
1.1550338
1.1550337
1.1553038
1.1548998
1.1548516
1.1547598
1.1547598
1.1548515
1.1548997
1.1550813
1.1557033
1.1557937
1.1562223
1.1553504
1.1551762
1.1554434
1.1555824
1.1559288
1.1594137
1.1595252
1.1602608
1.1586023
1.158698
1.158027
1.1581685
1.1588254
1.1589842
1.1596643
1.1578497
1.1579206
1.157215
1.1567239
1.1572922
1.1574078
1.1568474
1.1570113
1.1575614
1.1563523
1.1561077
1.1565246
1.1567384
1.1572148
1.1583445
1.1585546
1.1591738
1.1577524
1.157457
1.1579799
1.1582432
1.1587979
1.1683069
1.1680516
1.1678649
1.1676664
1.1669995
1.166808
1.1674411
1.1671896
1.167313
1.1671679
1.1666619
1.1665643
1.1657968
1.1657113
1.1664479
1.1663126
1.1656119
1.1654986
1.1661587
1.1649637
1.1649022
1.1641881
1.1641632
1.1648323
1.1647535
1.1653712
1.1665937
1.1663567
1.1659859
1.1652294
1.1657941
1.1655829
1.1659263
1.1658685
1.1651243
1.1650969
1.1642591
1.1642457
1.165061
1.1650166
1.1642769
1.1642695
1.1634085
1.1625601
1.1634126
1.1634192
1.1625837
1.1626155
1.1634286
1.1617588
1.1610255
1.1618125
1.1618798
1.1626557
1.1642294
1.1642102
1.1634407
1.1627043
1.1634556
1.1634733
1.1627613
1.162827
1.163494
1.1619609
1.1620558
1.1613611
1.1615104
1.1621647
1.1622878
1.1629016
1.1611186
1.1612305
1.160378
1.1598307
1.1605184
1.160682
1.1600241
1.1602443
1.1608686
1.1593939
1.1590737
1.1596438
1.1599229
1.1604909
1.1616788
1.1618664
1.1624256
1.1610781
1.1607636
1.1613108
1.1615666
1.1620738
1.1650725
1.1648994
1.1646658
1.1645683
1.1640704
1.1640326
1.1644602
1.1643395
1.1641354
1.1641045
1.1635178
1.1629855
1.1635449
1.1635756
1.1630795
1.1631847
1.1636105
1.1625789
1.1623018
1.1627489
1.1629374
1.1633031
1.1639903
1.1639413
1.1636505
1.1634381
1.163698
1.1637582
1.1730356
1.172865
1.1726566
1.1728692
1.1725562
1.172117
1.1718331
1.1723084
1.171928
1.1714203
1.1708883
1.1714243
1.1725645
1.1723125
1.1718412
1.1721293
1.1715588
1.1708965
1.1705543
1.1712432
1.1701486
1.1693365
1.1689594
1.1697857
1.1693047
1.1684669
1.1678682
1.1687152
1.1708024
1.1700907
1.1695154
1.1702464
1.1695885
1.1688419
1.1680868
1.1688455
1.1680302
1.167176
1.1664071
1.1672666
1.1664438
1.1655809
1.1647194
1.1655839
1.1680372
1.1672699
1.1664135
1.167186
1.1715749
1.171255
1.1705698
1.1709162
1.1708102
1.1702502
1.1695228
1.1701021
1.1693195
1.1687259
1.167882
1.1684848
1.1701717
1.1698046
1.1689815
1.1693629
1.1730412
1.1728747
1.1726732
1.1728817
1.17257
1.1721347
1.1718575
1.1723289
1.1719551
1.1714512
1.1709255
1.171458
1.1725838
1.1723358
1.1718711
1.1721553
1.1715803
1.1709216
1.1705858
1.1712711
1.170177
1.1693681
1.1689972
1.1698204
1.1693456
1.1685108
1.167918
1.1687621
1.1708368
1.1701285
1.1695593
1.1702871
1.1696352
1.1688917
1.1681423
1.168898
1.168083
1.1672316
1.1664681
1.1673249
1.1665074
1.1656471
1.1647904
1.1656524
1.1680952
1.1673308
1.1664794
1.1672492
1.1716075
1.1712914
1.1706124
1.1709552
1.1708502
1.1702937
1.1695722
1.1701482
1.1693714
1.168781
1.1679424
1.1685422
1.1702169
1.1698532
1.1690357
1.1694138
1.1730446
1.1728852
1.1726836
1.1728852
1.1725874
1.1721589
1.1718817
1.1723463
1.1719727
1.1714756
1.17095
1.1714756
1.1725874
1.1723463
1.1718817
1.1721589
1.1716111
1.1709588
1.1706232
1.1713021
1.1702205
1.1694174
1.1690466
1.169864
1.1693893
1.1685603
1.1679675
1.1688059
1.1708679
1.170166
1.169597
1.1703183
1.1696666
1.1689295
1.1681803
1.1689295
1.1681269
1.1672812
1.1665179
1.167369
1.1665517
1.1656971
1.1648407
1.1656971
1.1681269
1.167369
1.1665179
1.1672812
1.1716111
1.1713021
1.1706232
1.1709588
1.1708679
1.1703183
1.169597
1.170166
1.1693893
1.1688059
1.1679675
1.1685603
1.1702205
1.169864
1.1690466
1.1694174
1.1730411
1.1728817
1.1726731
1.1728747
1.1725838
1.1721553
1.1718711
1.1723358
1.1719551
1.171458
1.1709255
1.1714512
1.17257
1.1723289
1.1718574
1.1721347
1.1716075
1.1709552
1.1706124
1.1712914
1.1702168
1.1694138
1.1690357
1.1698532
1.1693714
1.1685422
1.1679424
1.168781
1.1708502
1.1701482
1.1695722
1.1702936
1.1696352
1.168898
1.1681423
1.1688917
1.1680952
1.1672492
1.1664794
1.1673308
1.1665074
1.1656524
1.1647903
1.1656471
1.168083
1.1673249
1.1664681
1.1672316
1.1715802
1.1712711
1.1705858
1.1709215
1.1708368
1.1702871
1.1695593
1.1701285
1.1693456
1.1687621
1.167918
1.1685108
1.170177
1.1698204
1.1689972
1.1693681
1.1730356
1.1728692
1.1726566
1.172865
1.1725645
1.1721293
1.1718412
1.1723125
1.171928
1.1714243
1.1708883
1.1714203
1.1725562
1.1723084
1.1718331
1.172117
1.1715748
1.1709162
1.1705698
1.171255
1.1701717
1.1693629
1.1689815
1.1698046
1.1693195
1.1684848
1.167882
1.1687259
1.1708102
1.1701021
1.1695228
1.1702502
1.1695885
1.1688454
1.1680868
1.1688418
1.1680372
1.167186
1.1664134
1.1672699
1.1664438
1.1655839
1.1647194
1.1655809
1.1680302
1.1672666
1.1664071
1.167176
1.1715588
1.1712432
1.1705543
1.1708965
1.1708024
1.1702464
1.1695154
1.1700907
1.1693047
1.1687152
1.1678682
1.1684669
1.1701486
1.1697857
1.1689594
1.1693365
1.1684844
1.1676188
1.1672345
1.1681002
1.1667676
1.1659605
1.1655976
1.1663906
1.1658987
1.1651157
1.1645224
1.1652996
1.1676022
1.1667369
1.166134
1.1669991
1.1652279
1.1646018
1.164283
1.1648851
1.1641174
1.1638193
1.1635232
1.1638208
1.1633622
1.1630433
1.1624243
1.162766
1.1644154
1.1638237
1.1632365
1.1638274
1.1631377
1.1625432
1.1617695
1.162368
1.162062
1.1617013
1.160906
1.1612798
1.1604489
1.1600689
1.159219
1.159598
1.1615434
1.1609429
1.1600911
1.16069
1.1663036
1.1654384
1.164667
1.1655323
1.1646062
1.1638317
1.1630626
1.163836
1.1630102
1.162238
1.1613824
1.1621522
1.1647049
1.16384
1.1629798
1.1638434
1.1629714
1.1621104
1.161256
1.1621127
1.1612866
1.1605215
1.1596802
1.1604379
1.1596298
1.1588825
1.1581504
1.158884
1.1612907
1.1604398
1.1596835
1.160527
1.1598344
1.1592413
1.1584197
1.1590021
1.1587549
1.1583838
1.1575893
1.1579457
1.1571945
1.156859
1.1562138
1.1565226
1.1582173
1.1576503
1.1569551
1.157502
1.1568754
1.1563531
1.15586
1.1563537
1.1559487
1.1556714
1.1552463
1.1554879
1.1551521
1.1549494
1.1547882
1.1549496
1.1559497
1.1554883
1.1552468
1.1556725
1.1598409
1.1590064
1.1584246
1.1592484
1.1582198
1.157503
1.1569568
1.1576534
1.1571978
1.1565246
1.1562158
1.1568623
1.1587621
1.1579508
1.1575942
1.1583907
1.1685138
1.1681251
1.1672621
1.1676508
1.1676229
1.1670157
1.166153
1.1667601
1.1659241
1.1653207
1.1645451
1.1651428
1.166802
1.1664204
1.1656293
1.1659969
1.1663163
1.1655414
1.1646784
1.1654535
1.1647106
1.163846
1.1629848
1.163848
1.16302
1.162159
1.1613906
1.1622493
1.1646232
1.1638493
1.1630774
1.1638502
1.1631572
1.1623837
1.1617857
1.1625632
1.1615556
1.1606992
1.1601008
1.1609556
1.1604615
1.1596077
1.1592283
1.1600811
1.1620819
1.1612958
1.1609215
1.1617205
1.165266
1.1649182
1.1643171
1.1646412
1.1644438
1.1638512
1.1632608
1.1638527
1.1633912
1.1627903
1.1624478
1.1630716
1.1641576
1.1638552
1.1635569
1.1638594
1.168519
1.167656
1.1672777
1.1681408
1.1668073
1.1660022
1.1656453
1.1664362
1.1659502
1.1651693
1.1645817
1.1653568
1.1676488
1.166786
1.1661889
1.1670515
1.1652714
1.1646469
1.1643342
1.1649346
1.1641637
1.1638667
1.1635776
1.1638736
1.1634211
1.163104
1.1624908
1.1628308
1.1644709
1.1638809
1.1632995
1.1638886
1.1632043
1.1626116
1.161843
1.1624398
1.1621321
1.1617731
1.1609827
1.1613549
1.1605286
1.16015
1.1593041
1.1596818
1.1616199
1.1610211
1.1601735
1.1607709
1.1663617
1.1654989
1.1647328
1.1655958
1.1646689
1.1638964
1.1631325
1.1639039
1.163083
1.1623127
1.1614616
1.1622295
1.1647734
1.1639107
1.1630551
1.1639166
1.1630489
1.16219
1.1613393
1.1621941
1.161368
1.1606046
1.1597669
1.160523
1.159718
1.1589723
1.1582428
1.1589749
1.1613755
1.1605263
1.1597729
1.1606147
1.1599191
1.1593275
1.1585092
1.1590902
1.1588424
1.1584725
1.1576811
1.1580365
1.1572879
1.1569534
1.1563103
1.1566184
1.1583085
1.1577427
1.1570499
1.1575957
1.1569712
1.1564498
1.1559582
1.1564511
1.1560463
1.1557697
1.1553458
1.1555869
1.1552521
1.1550498
1.154889
1.15505
1.1560482
1.1555876
1.1553467
1.1557717
1.159931
1.1590981
1.1585181
1.1593404
1.158313
1.1575976
1.1570531
1.1577484
1.1572941
1.1566221
1.156314
1.1569594
1.1588556
1.1580458
1.1576901
1.1584851
1.1685701
1.1681845
1.1673263
1.167712
1.1676853
1.1670809
1.1662227
1.1668271
1.1659952
1.1653944
1.1646222
1.1652175
1.1668677
1.1664889
1.1657015
1.1660666
1.1663843
1.1656119
1.1647532
1.1655258
1.1647836
1.1639214
1.163064
1.163925
1.1631007
1.1622418
1.1614764
1.162333
1.1646993
1.1639277
1.163159
1.1639297
1.1632395
1.1624681
1.1618722
1.1626477
1.161642
1.1607875
1.1601911
1.1610441
1.1605516
1.1596996
1.1593211
1.1601722
1.162168
1.161384
1.1610108
1.1618078
1.165339
1.1649936
1.164395
1.1647168
1.1645215
1.1639312
1.1633432
1.1639328
1.1634731
1.1628743
1.1625331
1.1631547
1.1642352
1.163935
1.1636379
1.1639382
1.1685737
1.1677158
1.1673374
1.1681956
1.1668715
1.1660704
1.1657132
1.1665003
1.1660141
1.1652369
1.1646491
1.1654206
1.1677036
1.1668457
1.1662485
1.1671064
1.165343
1.164721
1.1644077
1.1650057
1.1642397
1.1639437
1.1636535
1.1639487
1.1634956
1.1631791
1.1625655
1.1629048
1.1645415
1.1639539
1.1633721
1.163959
1.1632745
1.1626839
1.1619153
1.1625099
1.1622059
1.1618475
1.1610571
1.1614285
1.1606022
1.1602244
1.1593786
1.1597557
1.16169
1.1610933
1.1602459
1.1608412
1.1664166
1.1655585
1.1647925
1.1656508
1.1647326
1.1639637
1.1631998
1.1639677
1.1631469
1.1623801
1.1615292
1.1622937
1.1648286
1.1639706
1.1631153
1.1639721
1.1631047
1.1622505
1.1614002
1.1622505
1.1614325
1.1606725
1.1598352
1.1605879
1.1597835
1.1590411
1.1583122
1.1590411
1.1614325
1.1605879
1.1598352
1.1606725
1.1599897
1.1594002
1.1585822
1.1591612
1.1589165
1.1585473
1.1577562
1.1581109
1.1573627
1.1570289
1.1563863
1.1566936
1.1583799
1.1578161
1.1571238
1.1576676
1.1570437
1.1565243
1.1560332
1.1565243
1.156122
1.155846
1.1554226
1.155663
1.1553286
1.1551269
1.1549664
1.1551269
1.156122
1.155663
1.1554226
1.155846
1.1599897
1.1591612
1.1585822
1.1594002
1.1583799
1.1576676
1.1571238
1.1578161
1.1573627
1.1566936
1.1563863
1.1570289
1.1589165
1.1581109
1.1577562
1.1585473
1.1685737
1.1681956
1.1673374
1.1677158
1.1677036
1.1671064
1.1662485
1.1668457
1.1660141
1.1654206
1.1646491
1.1652369
1.1668715
1.1665003
1.1657132
1.1660704
1.1664166
1.1656508
1.1647925
1.1655585
1.1648286
1.1639721
1.1631153
1.1639706
1.1631469
1.1622937
1.1615292
1.1623801
1.1647326
1.1639677
1.1631998
1.1639637
1.1632745
1.1625099
1.1619153
1.162684
1.1616901
1.1608412
1.1602459
1.1610933
1.1606022
1.1597557
1.1593786
1.1602244
1.1622059
1.1614285
1.1610571
1.1618475
1.165343
1.1650057
1.1644077
1.164721
1.1645415
1.163959
1.1633721
1.1639539
1.1634956
1.1629048
1.1625655
1.1631791
1.1642397
1.1639487
1.1636535
1.1639437
1.1685701
1.167712
1.1673263
1.1681845
1.1668677
1.1660665
1.1657015
1.1664889
1.1659952
1.1652175
1.1646222
1.1653943
1.1676853
1.1668271
1.1662227
1.1670809
1.1653389
1.1647168
1.1643949
1.1649936
1.1642352
1.1639382
1.1636379
1.163935
1.1634731
1.1631547
1.162533
1.1628743
1.1645215
1.1639328
1.1633431
1.1639312
1.1632394
1.1626477
1.1618722
1.1624681
1.162168
1.1618078
1.1610108
1.161384
1.1605516
1.1601722
1.1593211
1.1596996
1.161642
1.1610441
1.1601911
1.1607875
1.1663843
1.1655258
1.1647532
1.1656119
1.1646993
1.1639297
1.163159
1.1639277
1.1631007
1.162333
1.1614764
1.1622418
1.1647836
1.163925
1.163064
1.1639214
1.1630489
1.1621941
1.1613392
1.16219
1.1613754
1.1606147
1.1597729
1.1605263
1.159718
1.1589749
1.1582428
1.1589723
1.161368
1.160523
1.1597669
1.1606046
1.159931
1.1593404
1.1585181
1.1590981
1.1588556
1.1584851
1.15769
1.1580458
1.1572941
1.1569594
1.156314
1.1566221
1.158313
1.1577484
1.157053
1.1575976
1.1569711
1.1564511
1.1559582
1.1564498
1.1560481
1.1557716
1.1553467
1.1555875
1.155252
1.15505
1.1548889
1.1550497
1.1560462
1.1555869
1.1553458
1.1557696
1.1599191
1.1590902
1.1585092
1.1593275
1.1583084
1.1575957
1.1570499
1.1577427
1.1572879
1.1566183
1.1563103
1.1569534
1.1588424
1.1580364
1.157681
1.1584725
1.168519
1.1681408
1.1672777
1.167656
1.1676488
1.1670515
1.1661889
1.166786
1.1659502
1.1653568
1.1645817
1.1651692
1.1668073
1.1664362
1.1656452
1.1660022
1.1663617
1.1655958
1.1647328
1.1654989
1.1647734
1.1639166
1.1630551
1.1639107
1.163083
1.1622295
1.1614616
1.1623127
1.1646688
1.1639039
1.1631325
1.1638964
1.1632043
1.1624398
1.161843
1.1626116
1.1616199
1.1607708
1.1601735
1.1610211
1.1605285
1.1596818
1.159304
1.16015
1.1621321
1.1613549
1.1609827
1.1617731
1.1652714
1.1649346
1.1643341
1.1646469
1.1644709
1.1638886
1.1632995
1.1638809
1.1634211
1.1628308
1.1624908
1.163104
1.1641637
1.1638736
1.1635776
1.1638667
1.1685137
1.1676508
1.1672621
1.1681251
1.166802
1.1659969
1.1656293
1.1664204
1.1659241
1.1651428
1.1645451
1.1653207
1.1676229
1.1667601
1.166153
1.1670157
1.165266
1.1646412
1.1643171
1.1649182
1.1641576
1.1638594
1.1635569
1.1638552
1.1633912
1.1630715
1.1624478
1.1627902
1.1644438
1.1638527
1.1632608
1.1638512
1.1631572
1.1625632
1.1617856
1.1623837
1.1620819
1.1617205
1.1609215
1.1612958
1.1604615
1.1600811
1.1592283
1.1596077
1.1615556
1.1609556
1.1601008
1.1606992
1.1663163
1.1654535
1.1646784
1.1655414
1.1646232
1.1638502
1.1630773
1.1638492
1.16302
1.1622492
1.1613906
1.162159
1.1647105
1.1638479
1.1629847
1.163846
1.1629713
1.1621127
1.161256
1.1621104
1.1612907
1.160527
1.1596835
1.1604398
1.1596298
1.158884
1.1581503
1.1588825
1.1612866
1.1604379
1.1596802
1.1605215
1.1598409
1.1592484
1.1584245
1.1590063
1.1587621
1.1583907
1.1575942
1.1579508
1.1571978
1.1568623
1.1562158
1.1565246
1.1582197
1.1576534
1.1569568
1.157503
1.1568754
1.1563537
1.15586
1.156353
1.1559497
1.1556725
1.1552468
1.1554883
1.1551521
1.1549495
1.1547882
1.1549494
1.1559486
1.1554879
1.1552463
1.1556714
1.1598343
1.1590021
1.1584197
1.1592413
1.1582173
1.157502
1.1569551
1.1576503
1.1571945
1.1565226
1.1562138
1.156859
1.1587549
1.1579457
1.1575893
1.1583838
1.1684844
1.1681002
1.1672345
1.1676188
1.1676021
1.1669991
1.166134
1.1667369
1.1658987
1.1652996
1.1645224
1.1651157
1.1667676
1.1663906
1.1655976
1.1659605
1.1663036
1.1655323
1.164667
1.1654384
1.1647049
1.1638434
1.1629798
1.16384
1.1630102
1.1621522
1.1613824
1.162238
1.1646062
1.163836
1.1630626
1.1638317
1.1631377
1.162368
1.1617695
1.1625432
1.1615434
1.16069
1.1600911
1.1609429
1.1604488
1.159598
1.1592189
1.1600689
1.162062
1.1612797
1.160906
1.1617013
1.1652279
1.1648851
1.164283
1.1646018
1.1644154
1.1638274
1.1632365
1.1638237
1.1633622
1.162766
1.1624243
1.1630433
1.1641174
1.1638208
1.1635232
1.1638193
